6 1 9 3 10 6 4 4 10 7 
10 10 9 7 6 6 4 4 3 1 
1 3 4 4 6 6 7 9 10 10 
16 14 20 18 18 12 17 15 18 14 
20 18 18 18 17 16 15 14 14 12 
12 14 14 15 16 17 18 18 18 20 
29 28 28 22 23 26 23 25 23 22 
29 28 28 26 25 23 23 23 22 22 
22 22 23 23 23 25 26 28 28 29 
32 35 36 36 35 40 32 35 31 37 
40 37 36 36 35 35 35 32 32 31 
31 32 32 35 35 35 36 36 37 40 
43 45 45 48 46 45 44 46 44 50 
50 48 46 46 45 45 45 44 44 43 
43 44 44 45 45 45 46 46 48 50 
51 57 57 51 60 52 53 55 56 55 
60 57 57 56 55 55 53 52 51 51 
51 51 52 53 55 55 56 57 57 60 
67 62 69 64 62 64 65 67 65 61 
69 67 67 65 65 64 64 62 62 61 
61 62 62 64 64 65 65 67 67 69 
71 79 76 80 78 73 76 75 76 72 
80 79 78 76 76 76 75 73 72 71 
71 72 73 75 76 76 76 78 79 80 
87 84 88 86 90 85 81 87 88 85 
90 88 88 87 87 86 85 85 84 81 
81 84 85 85 86 87 87 88 88 90 
100 98 96 100 95 99 97 97 93 100 
100 100 100 99 98 97 97 96 95 93 
93 95 96 97 97 98 99 100 100 100 
45 79 54 21 9 38 20 7 68 57 10 74 9 78 3 6 10 48 45 39 41 96 57 64 22 18 53 96 14 44 33 11 3 86 37 71 5 87 44 1 10 86 45 11 94 46 27 86 34 39 46 13 18 96 27 82 75 35 91 20 77 58 39 67 2 64 77 71 63 36 26 54 76 64 41 28 18 86 89 30 44 78 36 25 56 44 86 92 50 57 16 28 77 71 43 45 56 33 67 4 
96 96 96 94 92 91 89 87 86 86 86 86 86 82 79 78 78 77 77 77 76 75 74 71 71 71 68 67 67 64 64 64 63 58 57 57 57 56 56 54 54 53 50 48 46 46 45 45 45 45 44 44 44 44 43 41 41 39 39 39 38 37 36 36 35 34 33 33 30 28 28 27 27 26 25 22 21 20 20 18 18 18 16 14 13 11 11 10 10 10 9 9 7 6 5 4 3 3 2 1 
1 2 3 3 4 5 6 7 9 9 10 10 10 11 11 13 14 16 18 18 18 20 20 21 22 25 26 27 27 28 28 30 33 33 34 35 36 36 37 38 39 39 39 41 41 43 44 44 44 44 45 45 45 45 46 46 48 50 53 54 54 56 56 57 57 57 58 63 64 64 64 67 67 68 71 71 71 74 75 76 77 77 77 78 78 79 82 86 86 86 86 86 87 89 91 92 94 96 96 96 
122 124 181 124 157 136 104 189 192 139 115 107 198 140 160 157 131 167 197 171 186 179 127 121 112 199 195 125 155 153 130 174 194 176 171 193 192 103 196 144 106 161 192 131 153 141 106 164 127 131 134 161 165 139 187 125 104 121 151 153 196 149 143 143 196 165 183 112 101 152 169 110 120 137 174 147 141 182 188 113 186 165 108 160 120 160 165 160 194 165 143 193 144 191 186 148 144 117 144 200 
200 199 198 197 196 196 196 195 194 194 193 193 192 192 192 191 189 188 187 186 186 186 183 182 181 179 176 174 174 171 171 169 167 165 165 165 165 165 164 161 161 160 160 160 160 157 157 155 153 153 153 152 151 149 148 147 144 144 144 144 143 143 143 141 141 140 139 139 137 136 134 131 131 131 130 127 127 125 125 124 124 122 121 121 120 120 117 115 113 112 112 110 108 107 106 106 104 104 103 101 
101 103 104 104 106 106 107 108 110 112 112 113 115 117 120 120 121 121 122 124 124 125 125 127 127 130 131 131 131 134 136 137 139 139 140 141 141 143 143 143 144 144 144 144 147 148 149 151 152 153 153 153 155 157 157 160 160 160 160 161 161 164 165 165 165 165 165 167 169 171 171 174 174 176 179 181 182 183 186 186 186 187 188 189 191 192 192 192 193 193 194 194 195 196 196 196 197 198 199 200 
271 220 210 289 226 246 265 247 218 220 201 221 260 287 269 237 232 270 283 208 266 274 202 291 250 242 241 283 273 263 227 221 284 245 259 283 210 211 220 297 281 236 208 248 260 209 214 219 291 289 206 291 227 253 269 261 284 211 279 227 221 223 298 217 274 295 228 221 268 283 267 283 271 299 241 204 253 234 281 214 209 276 211 232 257 237 265 253 222 269 265 260 285 224 262 228 215 294 216 267 
299 298 297 295 294 291 291 291 289 289 287 285 284 284 283 283 283 283 283 281 281 279 276 274 274 273 271 271 270 269 269 269 268 267 267 266 265 265 265 263 262 261 260 260 260 259 257 253 253 253 250 248 247 246 245 242 241 241 237 237 236 234 232 232 228 228 227 227 227 226 224 223 222 221 221 221 221 220 220 220 219 218 217 216 215 214 214 211 211 211 210 210 209 209 208 208 206 204 202 201 
201 202 204 206 208 208 209 209 210 210 211 211 211 214 214 215 216 217 218 219 220 220 220 221 221 221 221 222 223 224 226 227 227 227 228 228 232 232 234 236 237 237 241 241 242 245 246 247 248 250 253 253 253 257 259 260 260 260 261 262 263 265 265 265 266 267 267 268 269 269 269 270 271 271 273 274 274 276 279 281 281 283 283 283 283 283 284 284 285 287 289 289 291 291 291 294 295 297 298 299 
313 367 360 396 318 331 329 327 368 392 400 370 377 339 344 367 306 344 382 380 343 400 315 351 375 399 388 363 328 385 374 342 362 347 331 387 396 370 312 329 336 386 331 329 382 379 394 383 361 337 377 368 328 370 383 354 387 352 377 345 318 378 351 367 398 372 396 369 301 334 314 328 387 342 390 347 349 303 343 340 311 393 385 350 324 319 307 389 346 375 346 304 321 328 386 389 370 381 350 390 
400 400 399 398 396 396 396 394 393 392 390 390 389 389 388 387 387 387 386 386 385 385 383 383 382 382 381 380 379 378 377 377 377 375 375 374 372 370 370 370 370 369 368 368 367 367 367 363 362 361 360 354 352 351 351 350 350 349 347 347 346 346 345 344 344 343 343 342 342 340 339 337 336 334 331 331 331 329 329 329 328 328 328 328 327 324 321 319 318 318 315 314 313 312 311 307 306 304 303 301 
301 303 304 306 307 311 312 313 314 315 318 318 319 321 324 327 328 328 328 328 329 329 329 331 331 331 334 336 337 339 340 342 342 343 343 344 344 345 346 346 347 347 349 350 350 351 351 352 354 360 361 362 363 367 367 367 368 368 369 370 370 370 370 372 374 375 375 377 377 377 378 379 380 381 382 382 383 383 385 385 386 386 387 387 387 388 389 389 390 390 392 393 394 396 396 396 398 399 400 400 
448 412 437 492 474 444 449 429 495 402 453 454 449 449 479 488 453 489 488 493 464 457 419 448 487 470 483 465 414 472 424 484 475 435 493 405 450 474 472 440 424 411 455 421 466 457 493 450 484 428 441 492 421 496 429 404 413 497 439 460 493 414 455 440 468 496 434 462 406 499 410 439 415 472 421 423 476 483 480 497 451 416 430 414 474 453 444 421 466 477 439 472 452 444 405 431 456 478 493 416 
499 497 497 496 496 495 493 493 493 493 493 492 492 489 488 488 487 484 484 483 483 480 479 478 477 476 475 474 474 474 472 472 472 472 470 468 466 466 465 464 462 460 457 457 456 455 455 454 453 453 453 452 451 450 450 449 449 449 448 448 444 444 444 441 440 440 439 439 439 437 435 434 431 430 429 429 428 424 424 423 421 421 421 421 419 416 416 415 414 414 414 413 412 411 410 406 405 405 404 402 
402 404 405 405 406 410 411 412 413 414 414 414 415 416 416 419 421 421 421 421 423 424 424 428 429 429 430 431 434 435 437 439 439 439 440 440 441 444 444 444 448 448 449 449 449 450 450 451 452 453 453 453 454 455 455 456 457 457 460 462 464 465 466 466 468 470 472 472 472 472 474 474 474 475 476 477 478 479 480 483 483 484 484 487 488 488 489 492 492 493 493 493 493 493 495 496 496 497 497 499 
590 559 587 599 513 582 513 509 545 521 552 503 566 501 501 565 527 563 534 565 588 583 585 508 512 580 530 545 569 594 571 552 600 537 565 509 536 533 564 572 532 561 578 549 588 527 573 561 554 529 512 569 575 513 543 597 516 538 537 531 590 569 508 590 592 520 502 510 592 597 557 531 531 515 523 566 572 599 595 576 506 580 504 532 541 535 586 557 590 530 573 516 588 595 576 592 558 565 527 586 
600 599 599 597 597 595 595 594 592 592 592 590 590 590 590 588 588 588 587 586 586 585 583 582 580 580 578 576 576 575 573 573 572 572 571 569 569 569 566 566 565 565 565 565 564 563 561 561 559 558 557 557 554 552 552 549 545 545 543 541 538 537 537 536 535 534 533 532 532 531 531 531 530 530 529 527 527 527 523 521 520 516 516 515 513 513 513 512 512 510 509 509 508 508 506 504 503 502 501 501 
501 501 502 503 504 506 508 508 509 509 510 512 512 513 513 513 515 516 516 520 521 523 527 527 527 529 530 530 531 531 531 532 532 533 534 535 536 537 537 538 541 543 545 545 549 552 552 554 557 557 558 559 561 561 563 564 565 565 565 565 566 566 569 569 569 571 572 572 573 573 575 576 576 578 580 580 582 583 585 586 586 587 588 588 588 590 590 590 590 592 592 592 594 595 595 597 597 599 599 600 
639 655 616 664 635 639 674 620 671 655 638 670 675 648 663 698 628 666 673 602 668 631 660 625 650 670 623 603 687 604 621 699 690 606 700 699 601 641 688 678 607 683 694 666 648 695 634 669 618 687 684 699 684 627 678 633 643 681 665 652 615 643 610 617 670 603 647 619 659 681 655 657 682 677 637 623 684 604 635 624 676 691 607 604 678 612 686 650 618 687 642 683 629 681 652 672 629 642 646 653 
700 699 699 699 698 695 694 691 690 688 687 687 687 686 684 684 684 683 683 682 681 681 681 678 678 678 677 676 675 674 673 672 671 670 670 670 669 668 666 666 665 664 663 660 659 657 655 655 655 653 652 652 650 650 648 648 647 646 643 643 642 642 641 639 639 638 637 635 635 634 633 631 629 629 628 627 625 624 623 623 621 620 619 618 618 617 616 615 612 610 607 607 606 604 604 604 603 603 602 601 
601 602 603 603 604 604 604 606 607 607 610 612 615 616 617 618 618 619 620 621 623 623 624 625 627 628 629 629 631 633 634 635 635 637 638 639 639 641 642 642 643 643 646 647 648 648 650 650 652 652 653 655 655 655 657 659 660 663 664 665 666 666 668 669 670 670 670 671 672 673 674 675 676 677 678 678 678 681 681 681 682 683 683 684 684 684 686 687 687 687 688 690 691 694 695 698 699 699 699 700 
788 751 792 782 757 749 782 778 744 736 777 784 737 742 772 731 782 769 759 786 748 779 735 795 788 713 769 714 758 714 718 799 780 728 735 736 719 749 712 731 729 758 710 736 755 710 742 724 782 745 709 729 746 741 760 716 723 771 793 726 787 764 765 791 795 733 792 775 773 712 800 730 733 786 704 733 743 756 775 725 799 702 710 776 715 742 739 743 746 791 764 750 723 714 728 752 800 719 718 720 
800 800 799 799 795 795 793 792 792 791 791 788 788 787 786 786 784 782 782 782 782 780 779 778 777 776 775 775 773 772 771 769 769 765 764 764 760 759 758 758 757 756 755 752 751 750 749 749 748 746 746 745 744 743 743 742 742 742 741 739 737 736 736 736 735 735 733 733 733 731 731 730 729 729 728 728 726 725 724 723 723 720 719 719 718 718 716 715 714 714 714 713 712 712 710 710 710 709 704 702 
702 704 709 710 710 710 712 712 713 714 714 714 715 716 718 718 719 719 720 723 723 724 725 726 728 728 729 729 730 731 731 733 733 733 735 735 736 736 736 737 739 741 742 742 742 743 743 744 745 746 746 748 749 749 750 751 752 755 756 757 758 758 759 760 764 764 765 769 769 771 772 773 775 775 776 777 778 779 780 782 782 782 782 784 786 786 787 788 788 791 791 792 792 793 795 795 799 799 800 800 
830 898 895 836 896 834 846 811 894 808 823 833 854 894 894 808 856 843 858 858 825 805 801 802 813 870 863 894 813 836 818 867 858 830 860 840 852 808 804 816 837 808 880 864 877 833 822 835 899 846 827 806 900 811 874 809 826 812 891 844 884 819 818 841 819 810 807 876 859 863 847 875 896 882 853 823 839 872 890 851 854 819 884 894 882 824 881 832 870 844 845 894 859 865 852 813 802 806 852 843 
900 899 898 896 896 895 894 894 894 894 894 894 891 890 884 884 882 882 881 880 877 876 875 874 872 870 870 867 865 864 863 863 860 859 859 858 858 858 856 854 854 853 852 852 852 851 847 846 846 845 844 844 843 843 841 840 839 837 836 836 835 834 833 833 832 830 830 827 826 825 824 823 823 822 819 819 819 818 818 816 813 813 813 812 811 811 810 809 808 808 808 808 807 806 806 805 804 802 802 801 
801 802 802 804 805 806 806 807 808 808 808 808 809 810 811 811 812 813 813 813 816 818 818 819 819 819 822 823 823 824 825 826 827 830 830 832 833 833 834 835 836 836 837 839 840 841 843 843 844 844 845 846 846 847 851 852 852 852 853 854 854 856 858 858 858 859 859 860 863 863 864 865 867 870 870 872 874 875 876 877 880 881 882 882 884 884 890 891 894 894 894 894 894 894 895 896 896 898 899 900 
979 994 971 954 918 991 907 969 920 989 962 1000 916 988 956 941 910 946 944 995 905 953 976 972 951 913 909 952 984 946 915 967 948 999 995 977 970 916 928 969 959 983 996 981 937 948 930 990 963 904 952 936 909 925 909 992 953 902 919 965 909 993 973 915 997 993 952 985 973 994 945 948 947 991 920 933 998 977 930 952 977 930 987 966 919 901 981 925 998 948 967 961 953 951 928 993 973 983 924 910 
1000 999 998 998 997 996 995 995 994 994 993 993 993 992 991 991 990 989 988 987 985 984 983 983 981 981 979 977 977 977 976 973 973 973 972 971 970 969 969 967 967 966 965 963 962 961 959 956 954 953 953 953 952 952 952 952 951 951 948 948 948 948 947 946 946 945 944 941 937 936 933 930 930 930 928 928 925 925 924 920 920 919 919 918 916 916 915 915 913 910 910 909 909 909 909 907 905 904 902 901 
901 902 904 905 907 909 909 909 909 910 910 913 915 915 916 916 918 919 919 920 920 924 925 925 928 928 930 930 930 933 936 937 941 944 945 946 946 947 948 948 948 948 951 951 952 952 952 952 953 953 953 954 956 959 961 962 963 965 966 967 967 969 969 970 971 972 973 973 973 976 977 977 977 979 981 981 983 983 984 985 987 988 989 990 991 991 992 993 993 993 994 994 995 995 996 997 998 998 999 1000 
